 Ticker Max Lev Scale   SL%
    BTC   15.28   1.0  0.65
    ETH   11.03  1.45  0.91
    SOL    6.13  2.55  1.63
   LQTY    2.92  5.36  3.42
  STORJ    4.62  3.36  2.16
    XRP   11.68  1.36  0.86
    BNT    3.79  4.09  2.64
   ATOM    6.36  2.45  1.57
    BCH    6.99  2.27  1.43
   LINK    6.89  2.27  1.45
    XTZ    4.57  3.45  2.19
    BNX    2.68  5.82  3.74
   AVAX    6.74  2.27  1.48
  MATIC    7.36  2.09  1.36
    OGN    4.28  3.64  2.34
   DOGE   13.49  1.18  0.74
     OP    6.55  2.36  1.53
    WLD    6.15  2.55  1.63
    BLZ    5.44  2.82  1.84
    LTC   10.57  1.45  0.95