⏰ War Started

 RC GW AQ BK TH TH BK AQ GW RC 
-------------------------------
|40 65 88 79 15 15 90 90 65 40|
|35 59 85 83 15 15 90 90 65 40|
|30 55 80 70 14 15 87 90 65 35|
|22 51 77 78 14 15 85 90 60 39|
|30 55 80 80 14 15 85 90 61 35|
|25 50 80 77 14 15 85 85 65 38|
|25 50 75 74 14 15 80 85 55 33|
|30 51 80 76 14 15 63 70 62 35|
|19 50 75 72 13 15 70 74 53 11|
|25 50 75 69 13 14 77 78 54 27|
|21 50 75 72 13 15 52 56 25 09|
|06 42 73 66 13 14 78 80 55 30|
|10 45 70 65 13 13 65 68 44 22|
|08 43 70 67 13 13 54 61 50 15|
|21 50 75 70 13 13 50 50 40 09|
-------------------------------