--------------------------------
Stock|YHigh|Price |ATR |Chg |Pot
--------------------------------
GOTO  80    75     4.5  2.7  1.7    
STRK  244   290         18.9        
CASA  605   595    2.4  0.8  1.6    
INET  280   266    11.8 0.8  11.1   
MARI  93    92     7.1  1.1  6.0    
FIRE* 137   142    11.4 3.6  7.8    
BUMI  130   128    3.8  1.6  2.2    
BREN  1890  2360        24.9        
MBMA  735   710    4.3  0.7  3.6    
BRPT* 1235  1145   6.0  1.3  4.6    
PCAR* 50    60     1.4  20.0        
PGEO  1455  1330   6.1  0.8  5.3    
BIMA  124   145    13.2 16.9        
MTDL* 505   496    2.2  0.8  1.4    
MEDS* 62    62     10.1 1.6  8.5    
GIAA  92    88     4.8  1.1  3.6    
HOKI* 141   132    6.3  2.3  3.9    
SEMA* 140   126    13.9 2.4  11.5   
PPRI  106   100    11.8 4.2  7.6    
TLKM* 3870  3840   1.6  0.5  1.1    
---------------------------------
