--------------------------------
Stock|YHigh|Price |ATR |Chg |Pot
--------------------------------
DOOH  186   192    15.1 18.5        
CASA  585   590    2.1  1.7  0.4    
VKTR  125   127    3.8  1.6  2.2    
GTRA  222   224    7.0  2.8  4.2    
MEDC  1410  1355   5.4  3.0  2.3    
OASA  176   170    7.4  1.2  6.2    
ADMR  1235  1225   5.3  2.9  2.4    
PTMP  196   192    7.7  0.5  7.2    
CPRO  64    62     6.3  1.6  4.7    
CNMA  312   306    4.3  2.0  2.3    
MMLP* 366   386    2.7  6.6         
JMAS* 83    99     8.7  19.3        
HUMI  162   161    9.3  0.6  8.7    
BGTG  79    77     4.9  2.7  2.2    
BRPT* 1310  1285   5.2  0.4  4.9    
LMAX  254   256    10.4 1.6  8.8    
UNVR* 3680  3820   2.4  3.8         
PGAS* 1365  1365   2.2  1.1  1.1    
MTWI  85    90     4.4  9.8         
SCMA* 155   147    3.7  2.1  1.6    
---------------------------------
