  Ticker Max Lev Scale    SL%
     BTC   14.25   1.0    0.7
     ETH    9.57   1.5   1.04
    LOOM    1.46  9.75   6.84
     SOL    5.72   2.5   1.75
     XRP    7.84  1.83   1.28
     BNT    3.25  4.42   3.08
     WLD    3.93  3.67   2.55
     BCH    6.15  2.33   1.63
   STORJ    3.46  4.17   2.89
    LINK    6.64  2.17   1.51
    LQTY    3.49  4.08   2.86
     BNX    2.22  6.42   4.51
     YGG    2.51  5.67   3.99
    AVAX    6.74  2.08   1.48
    DOGE   11.93  1.17   0.84
 BIGTIME    0.36  39.5  27.63
    GALA    4.08   3.5   2.45
      OP    5.79   2.5   1.73
     MKR    5.24  2.75   1.91
     LTC    9.57   1.5   1.04