     26246      27366      30615
     29463      28454      29063
     32840      31831      29783
     38857      34952      31767
     39753      38601      34504
     35752      37177      36792
     32199      33272      35896
     26054      29991      33592
     26422      26518      30855
     30167      29127      28695
     33416      32071      29943
     37929      34952      32039
     39193      37673      34424
     35336      36456      36312
     32359      33288      35784
     25814      29495      33336
     25478      26438      30743
     29751      28695      28470
     33720      32183      29783
     39801      36488      32439
     38153      38713      35208
     34488      35272      36921
     29767      32199      34984
     25638      27878      32407
     27174      26902      29703
     30647      30135      28807
     36136      33208      30695
     40377      37929      33288
     36664      38345      36488
     33496      33992      36440
     27398      31127      34120
     25318      27254      31847
     28807      27302      29111
     31591      31031      29095
     37241      34200      31479
     38793      37193      33768
     34888      36232      35944
     31863      33064      35384
     25558      29319      32984
     27078      26678      30375
     30327      29847      28823
     34680      32647      30231
     40201      37289      32936
     37817      38809      35784
     34200      34792      36856
     27302      31143      34200
     24630      26886      31687
     28775      27366      28871
     31639      31159      29047
     39001      35080      31895
     39625      38857      34584
     35352      36824      36969
     32215      33176      35960
     26598      29383      33288
     26198      27318      30663
     30247      29383      28919
     34040      32439      30215
     39993      37081      32920
     37785      38761      35672
     34120      34552      36728
     27542      31271      34264
     25238      27014      31895
     29543      27926      29063
     32215      31687      29479
     38057      35096      32151
     39241      37769      34488
     35144      36152      36424
     31287      32792      35224
     25350      28326      32776
     27142      26374      29735
     30583      30055      28614
     35928      33048      30471
     40265      37833      33416
 