  Ticker Max Lev  Scale    SL%
     BTC    24.2    1.0   0.41
     ETH   16.81   1.43   0.59
 BIGTIME    0.47  51.86  21.15
    LOOM     1.0  24.57  10.01
     SOL    9.32   2.57   1.07
     XRP   13.91   1.71   0.72
       T     1.9  12.86   5.25
     BCH   10.28   2.43   0.97
    RUNE    3.42   7.14   2.93
    LINK    8.96   2.71   1.12
    LQTY    3.42   7.14   2.92
     WLD    5.37   4.57   1.86
     BNT    3.28   7.43   3.05
     YGG    3.96   6.14   2.53
   STORJ    4.79   5.14   2.09
    DOGE    17.2   1.43   0.58
      OP   10.68   2.29   0.94
     LTC   16.93   1.43   0.59
     BNX    3.05    8.0   3.28
    AVAX   11.86    2.0   0.84