--------------------------------
Stock|YHigh|Price |ATR |Chg |Pot
--------------------------------
PPRI  81    107    8.8  33.8        
PRIM* 90    89     12.3 7.2  5.1    
GOTO  84    84     4.3  1.2  3.1    
MARI  95    92     7.9  4.5  3.4    
JMAS* 65    74     7.3  19.4        
FOLK  74    83     8.2  16.9        
HEAL* 1345  1330   2.7  0.8  1.9    
MAHA  194   182    7.5  2.2  5.2    
BMRI  6125  6175   1.9  0.4  1.5    
APLN* 156   151    4.5  2.0  2.5    
TYRE  138   122    6.0  3.4  2.6    
META* 322   286    10.1 5.9  4.1    
SSIA* 410   410    3.3  1.0  2.3    
BMTR* 284   278    2.9  0.7  2.2    
ULTJ* 1670  1720   3.1  4.6         
DGNS* 298   286    6.3  0.7  5.6    
ACES* 775   755    3.8  0.7  3.1    
HALO  89    80     13.2 1.3  12.0   
DEWA* 81    78     6.8  2.6  4.2    
CPRO  60    60     6.1  5.3  0.8    
---------------------------------
