--------------------------------
Stock|YHigh|Price |ATR |Chg |Pot
--------------------------------
BREN  1515  1890        24.8        
STRK  182   193         6.0         
BULL  94    109    9.5  16.0        
IOTF  115   102         3.0         
GTRA  232   230    6.9  1.8  5.2    
SEMA* 152   133    13.9 6.4  7.5    
INET  300   276    12.0 0.7  11.3   
IPTV* 55    55     4.1  3.8  0.3    
AMMN  6775  6725   4.6  0.4  4.3    
OPMS* 59    65     3.2  18.2        
TLKM* 3810  3840   1.6  0.5  1.1    
KUAS* 53    57     3.0  9.6         
BBNI  5200  5325   1.8  2.4         
DGIK* 99    98     5.3  1.0  4.3    
FREN* 56    56     4.5  1.8  2.7    
EMTK* 650   620    4.7  1.6  3.1    
PGEO  1495  1420   6.0  0.4  5.6    
MLPL* 86    85     4.2  1.2  3.0    
HOKI* 138   138    6.0  1.5  4.6    
BBCA  9025  9025   1.2  0.3  0.9    
---------------------------------
