--------------------------------
Stock|YHigh|Price |ATR |Chg |Pot
--------------------------------
STRK  135   182         34.8        
FIRE* 114   126    11.9 10.5 1.4    
INET  312   290    12.1 0.7  11.4   
BREN  1215  1515        24.7        
META* 246   222    10.9 2.8  8.1    
BRPT* 1310  1195   5.7  0.8  4.9    
PRIM* 92    91     10.9 1.1  9.8    
UNIQ* 148   141    10.3 0.7  9.6    
CITY* 67    88     4.7  31.3        
AMMN  6525  6525   4.6  0.4  4.2    
CARS  109   112    4.7  3.7  1.0    
BBRI  5250  5225   1.7  1.5  0.3    
JMAS* 93    87     11.4 3.6  7.8    
BBCA  9000  9000   1.2  0.8  0.4    
KAYU* 424   416    5.5  1.0  4.5    
MIDI* 486   488    4.2  0.4  3.8    
BRMS* 193   189    4.7  0.5  4.2    
PGAS* 1415  1415   2.1  0.4  1.8    
FREN* 56    56     4.6  1.8  2.8    
BANK* 1080  1050   4.1  0.5  3.6    
---------------------------------
