--------------------------------
Stock|YHigh|Price |ATR |Chg |Pot
--------------------------------
UNIQ* 115   137    10.3 23.4        
META* 246   238    11.1 1.7  9.4    
FREN* 56    56     4.7  1.8  2.9    
FIRE* 89    102    11.3 20.0        
SEMA* 111   129    13.0 29.0        
BBRI  5225  5225   1.8  2.0         
BAPA* 70    72     6.0  4.3  1.6    
BUMI  130   131    3.9  1.6  2.3    
SMKM  119   108    11.7 5.9  5.9    
EAST* 159   166    3.1  7.1         
SBMA* 165   177    5.8  8.6         
BMRI  6050  6050   2.0  2.5         
IMPC* 348   348    3.3  2.4  1.0    
IPTV* 50    53     4.1  6.0         
MTDL* 492   500    2.1  2.0  0.1    
MIDI* 476   484    4.3  3.9  0.4    
MEDS* 63    60     10.6 5.3  5.3    
ERAA* 438   444    3.0  3.3         
BEST* 155   155    3.4  1.3  2.1    
ADMR  1265  1340   5.6  7.2         
---------------------------------
